283
2 1 2
2 13 2
2 14 2
2 56 4
2 57 10
2 58 4
2 60 2
2 168 2
2 6 2
2 45 2
2 159 2
2 54 2
2 68 6
2 177 10
2 179 2
2 183 2
2 223 4
1 2 2
1 5 2
1 44 2
1 59 4
1 158 2
1 13 2
1 14 4
1 55 4
1 56 8
1 57 14
1 58 2
1 60 2
1 69 10
1 114 2
1 168 4
1 169 2
1 176 6
1 178 2
1 224 4
5 1 4
5 164 30
5 173 2
5 21 24
5 52 10
5 134 2
5 180 4
5 219 4
44 1 4
44 5 6
44 59 8
44 11 14
44 13 10
44 56 12
44 58 4
44 168 4
44 176 2
44 178 2
44 196 2
44 45 2
44 54 4
44 164 8
44 21 2
44 50 2
59 1 4
59 55 30
59 56 2
59 58 4
59 114 2
59 54 32
59 68 4
59 7 2
59 112 2
59 239 4
59 88 4
59 89 2
59 90 4
59 33 2
59 92 4
59 38 2
59 91 4
59 127 4
59 204 2
59 206 2
59 238 2
59 242 2
59 247 2
59 95 2
59 96 2
59 149 2
59 205 6
59 100 2
161 1 2
161 11 12
161 196 2
161 159 4
161 50 18
161 115 4
161 48 2
3 1 2
3 55 6
3 60 2
3 196 2
3 4 2
3 54 4
3 183 2
3 17 2
3 71 2
3 72 2
3 82 2
3 84 2
3 113 4
3 119 2
3 123 4
3 130 4
3 164 2
3 171 2
3 173 10
3 174 12
3 175 4
3 182 2
3 186 8
3 198 2
3 210 2
3 214 2
3 218 2
3 229 2
11 1 2
11 44 2
11 13 20
11 74 2
11 196 2
11 12 2
11 171 2
11 21 2
11 41 6
11 79 2
11 46 4
11 15 4
11 42 2
11 50 6
11 115 2
13 56 10
13 176 4
13 54 4
13 177 28
13 113 2
13 171 2
13 174 8
13 182 2
13 41 2
13 9 2
13 19 2
13 112 2
13 161 2
13 167 8
13 200 4
13 201 4
13 222 8
14 55 2
14 57 6
14 60 2
14 176 34
14 177 2
14 183 2
14 223 2
14 164 2
14 173 6
14 10 2
14 112 4
14 161 2
14 200 2
14 97 2
14 181 2
14 166 8
14 221 6
14 249 6
55 59 4
55 56 2
55 58 2
55 60 4
55 176 4
55 4 2
55 54 12
55 177 2
55 173 2
55 61 4
55 150 14
55 151 16
55 29 6
55 239 14
55 88 16
55 89 8
55 30 4
55 240 10
55 31 4
55 241 8
55 90 10
55 32 2
55 33 4
55 99 2
55 243 8
55 34 6
55 92 14
55 244 32
55 35 16
55 36 18
55 37 12
55 38 4
55 39 12
55 248 2
55 277 4
55 91 16
55 93 26
55 94 6
55 102 10
55 127 2
55 204 2
55 206 2
55 238 4
55 242 10
55 245 12
55 246 10
55 247 30
55 257 8
55 95 18
55 96 4
55 101 6
55 128 6
55 205 12
55 234 2
55 235 2
55 138 2
55 139 2
56 59 4
56 55 14
56 57 8
56 58 2
56 60 2
56 54 14
56 72 2
56 61 4
56 208 2
56 167 2
56 166 2
56 249 2
56 155 2
56 170 2
56 110 2
56 250 8
56 28 2
56 31 2
56 32 2
56 33 2
56 99 2
56 243 2
56 34 2
56 35 4
56 37 2
56 38 2
56 102 4
56 238 2
56 246 2
56 257 2
56 101 2
56 100 2
56 103 4
56 215 2
56 252 2
56 253 2
56 254 2
56 255 4
56 256 14
56 258 4
56 259 4
56 262 2
57 55 14
57 56 8
57 54 12
57 116 2
57 167 2
57 97 6
57 166 2
57 170 4
57 110 2
57 250 2
57 29 2
57 240 2
57 104 2
57 31 2
57 267 2
57 32 2
57 33 2
57 99 2
57 34 4
57 92 2
57 244 2
57 35 6
57 38 2
57 102 2
57 245 4
57 257 12
57 101 2
57 154 4
57 100 2
57 103 2
57 215 2
57 252 2
57 254 4
57 255 4
57 256 6
57 258 2
57 259 2
57 98 2
57 251 2
57 274 2
58 2 4
58 55 38
58 114 2
58 54 26
58 113 2
58 73 4
58 150 2
58 29 2
58 88 2
58 89 2
58 241 4
58 90 8
58 32 2
58 33 2
58 92 2
58 38 2
58 39 4
58 91 4
58 127 2
58 204 4
58 206 2
58 95 2
58 205 2
60 55 14
60 176 4
60 54 24
60 177 6
60 61 2
60 161 2
60 151 2
60 29 2
60 239 6
60 266 2
60 88 10
60 89 2
60 90 6
60 267 2
60 91 2
60 204 12
60 206 6
60 237 10
60 205 14
60 189 2
60 193 2
69 59 6
69 55 2
69 56 6
69 57 2
69 58 2
69 159 2
69 54 2
69 68 10
69 61 6
69 150 6
69 151 8
69 205 2
74 1 2
74 11 2
74 21 20
74 76 2
74 40 8
74 75 2
74 9 10
74 19 2
74 42 2
114 59 4
114 14 2
114 55 10
114 56 10
114 57 2
114 58 22
114 60 8
114 69 2
114 4 4
114 54 24
114 113 8
114 61 4
114 150 4
114 249 2
114 110 2
159 1 2
159 59 4
159 55 4
159 56 10
159 57 12
159 54 6
159 71 12
159 173 4
159 70 2
159 61 2
159 157 2
159 67 2
159 112 4
159 161 2
159 151 6
159 28 16
159 267 2
159 277 4
159 149 8
159 141 6
163 1 2
163 56 8
163 57 8
163 69 4
163 178 6
163 68 6
163 179 6
163 70 2
163 24 2
163 110 6
163 151 2
163 99 2
163 34 2
163 147 4
163 127 2
163 204 2
163 96 2
163 128 2
163 138 2
163 139 2
163 98 2
163 225 2
163 117 2
163 118 2
163 121 2
163 122 2
171 2 2
171 44 4
171 55 12
171 176 2
171 224 2
171 54 10
171 177 6
171 183 2
171 71 4
171 70 2
171 77 2
171 222 6
171 221 6
171 217 4
171 195 2
172 2 2
172 55 10
172 224 2
172 45 4
172 54 10
172 223 4
172 218 2
172 70 2
172 222 6
172 221 8
179 14 2
179 55 4
179 56 4
179 57 6
179 60 4
179 54 2
179 223 2
179 186 2
179 61 6
179 187 2
179 203 4
179 19 2
179 201 2
179 202 6
179 222 10
179 181 2
179 166 2
179 195 2
179 129 4
181 133 2
181 132 2
181 190 2
199 1 2
199 44 4
199 14 2
199 57 4
199 60 4
199 54 2
199 84 2
199 123 2
199 186 2
199 198 6
199 187 6
199 76 2
199 219 4
199 7 2
199 50 2
199 24 2
199 170 2
199 26 2
199 199 2
199 231 4
199 215 4
199 188 6
199 211 2
199 216 2
199 129 4
227 183 6
227 223 2
227 164 14
227 165 10
227 166 4
227 221 4
227 249 2
227 184 4
227 189 2
227 129 4
6 2 4
6 45 2
6 12 2
6 174 6
6 218 2
6 180 6
6 20 2
6 22 16
6 53 8
6 77 2
6 157 2
6 165 32
6 220 4
6 232 2
45 2 6
45 44 2
45 59 2
45 14 6
45 55 10
45 57 6
45 58 10
45 169 4
45 6 4
45 12 20
45 197 6
45 61 6
45 22 2
45 157 2
45 165 4
45 51 2
45 116 2
162 2 2
162 158 4
162 56 2
162 12 14
162 72 2
162 75 4
162 41 2
162 51 16
162 172 2
162 112 2
162 161 2
162 116 2
162 63 2
162 64 2
162 265 2
162 104 2
162 154 2
4 2 2
4 59 4
4 3 4
4 55 2
4 69 2
4 114 2
4 160 2
4 54 10
4 71 2
4 23 2
4 113 2
4 173 14
4 174 8
4 175 2
4 70 6
4 61 2
4 85 2
4 131 4
4 187 4
4 203 2
12 2 2
12 11 2
12 14 28
12 6 2
12 22 2
12 75 4
12 8 4
12 41 2
12 79 6
12 47 4
12 78 2
12 43 4
12 172 4
54 55 14
54 57 2
54 58 2
54 156 2
54 68 4
54 177 6
54 113 2
54 66 2
54 208 2
54 150 24
54 151 22
54 29 6
54 239 6
54 88 8
54 89 8
54 30 2
54 240 6
54 31 6
54 241 16
54 90 12
54 32 2
54 33 8
54 243 4
54 34 2
54 92 16
54 244 38
54 35 28
54 36 18
54 37 24
54 38 6
54 39 8
54 248 4
54 91 20
54 93 42
54 94 8
54 102 8
54 127 4
54 204 8
54 206 2
54 233 2
54 236 2
54 237 6
54 238 10
54 242 20
54 245 16
54 246 12
54 247 14
54 257 10
54 95 8
54 96 6
54 101 4
68 59 4
68 55 2
68 56 2
68 57 8
68 58 2
68 60 2
68 69 8
68 54 4
68 66 4
68 150 4
68 172 2
68 116 2
68 181 4
68 64 2
68 155 2
68 151 10
68 147 4
180 2 2
180 13 10
180 55 2
180 56 4
180 57 10
180 60 6
180 54 10
180 68 2
180 186 6
180 70 2
180 61 4
180 187 2
180 203 6
180 20 2
180 167 2
180 202 6
180 222 8
180 181 4
180 221 4
180 194 2
180 195 2
180 129 4
182 133 2
182 132 2
182 190 2
186 14 2
186 224 8
186 164 4
186 182 4
186 187 2
186 165 4
186 208 4
186 200 4
186 221 4
186 184 2
186 189 2
186 193 2
186 211 4
186 129 5
200 2 2
200 55 2
200 57 2
200 58 2
200 45 4
200 68 2
200 186 8
200 27 2
200 61 6
200 124 2
200 187 4
200 180 2
200 77 2
200 232 4
200 16 2
200 51 2
200 199 2
200 189 10
200 129 3
226 160 2
226 224 2
226 164 6
226 182 4
226 165 16
226 167 4
226 222 8
226 181 2
226 185 2
226 188 2
226 129 3
233 2 2
233 57 2
233 169 2
233 186 2
233 85 2
233 124 2
233 187 2
233 232 12
233 133 2
233 217 2
233 120 6
233 194 2
233 212 4
233 135 2
17 3 2
17 40 6
17 53 4
17 10 10
17 18 4
17 43 4
17 80 6
17 167 4
17 166 2
71 158 2
71 3 2
71 156 12
71 168 2
71 176 4
71 177 4
71 82 2
71 174 2
71 218 4
71 70 4
71 187 2
71 220 2
71 200 2
71 222 4
71 221 2
71 217 4
71 28 2
71 194 2
71 129 2
23 3 2
23 60 4
23 54 2
23 61 4
23 187 2
23 170 2
72 60 2
72 157 2
72 112 18
72 116 2
72 64 2
72 89 2
72 104 2
72 111 2
72 204 10
72 206 6
72 205 8
72 162 2
72 153 2
72 109 4
72 276 8
72 129 10
82 3 6
82 69 2
82 66 2
82 115 2
82 200 2
82 155 4
82 154 4
82 225 2
84 168 4
84 169 8
84 178 4
84 196 8
84 130 4
84 175 2
84 210 4
84 218 2
84 229 8
84 61 10
84 181 2
84 166 4
84 199 8
84 233 4
84 188 6
84 225 4
84 132 14
84 117 8
113 59 26
113 3 4
113 13 4
113 14 4
113 55 34
113 56 8
113 57 10
113 58 14
113 114 6
113 4 4
113 54 30
113 175 2
113 110 2
119 186 2
119 61 4
119 187 6
119 184 10
119 189 4
119 188 8
119 117 4
119 121 2
119 192 2
119 129 13
125 3 4
125 60 2
125 168 2
125 196 2
125 119 2
125 175 14
125 186 6
125 187 2
125 134 16
125 231 4
125 193 4
125 132 10
125 192 4
131 224 8
131 84 6
131 173 2
131 186 4
131 61 42
131 131 4
131 86 8
131 222 8
131 166 16
131 221 6
131 184 14
131 233 2
131 188 2
131 117 2
131 121 4
131 191 4
167 224 22
167 183 8
167 223 12
167 182 4
167 186 12
167 187 12
167 165 2
167 86 2
167 222 20
167 221 16
167 185 14
167 184 24
167 209 4
167 189 22
167 188 18
174 56 20
174 57 2
174 69 4
174 156 6
174 176 8
174 67 2
174 24 4
174 265 2
174 65 2
176 14 6
176 60 4
176 71 4
176 130 2
176 174 6
176 70 2
176 61 2
176 134 2
176 180 4
176 22 2
176 112 2
176 166 4
176 81 4
176 250 2
176 26 2
176 199 6
176 28 4
176 265 4
176 233 2
176 235 2
176 194 2
176 132 2
176 191 2
177 13 6
177 71 4
177 173 6
177 198 8
177 70 8
177 27 2
177 61 4
177 131 2
177 180 2
177 80 2
177 167 4
177 133 2
177 28 2
177 236 2
177 234 2
177 135 2
178 178 10
178 6 2
178 179 12
178 84 4
178 113 2
178 123 4
178 164 22
178 85 4
178 124 2
178 21 8
178 134 2
178 22 8
178 53 2
178 165 16
178 86 4
178 167 8
178 166 10
178 133 6
178 81 2
178 87 6
178 236 2
178 193 2
178 132 8
178 135 12
178 192 4
185 13 2
185 183 4
185 223 2
185 164 2
185 186 4
185 165 2
185 208 4
185 201 6
185 222 2
185 212 4
185 129 4
189 164 8
189 131 4
189 187 6
189 165 6
189 185 2
189 184 2
189 188 2
189 194 2
189 192 2
189 129 11
201 196 6
201 187 2
201 216 2
201 129 8
213 167 2
217 15 2
217 167 2
217 216 2
221 54 2
221 71 4
221 70 2
221 167 2
221 202 6
221 26 2
221 190 8
221 129 10
232 56 2
232 169 2
232 84 2
232 119 2
232 218 2
232 134 2
232 185 2
232 231 8
232 132 2
232 211 2
70 56 2
70 60 4
70 156 2
70 168 2
70 169 2
70 176 4
70 4 2
70 177 2
70 71 4
70 173 2
70 218 2
70 61 2
70 73 2
70 157 2
70 220 2
70 161 4
70 201 2
70 222 2
70 249 8
70 110 2
70 217 2
70 28 4
70 138 6
70 139 2
70 258 2
70 153 2
70 195 2
70 212 2
27 4 2
27 223 2
27 203 4
27 222 2
27 217 4
27 199 2
61 59 2
61 55 32
61 60 2
61 176 6
61 54 14
61 177 4
61 29 6
61 239 4
61 88 10
61 89 6
61 30 4
61 240 2
61 31 2
61 241 2
61 90 2
61 99 2
61 204 4
61 206 6
61 237 2
61 238 2
61 205 6
61 189 2
61 193 2
61 188 2
73 56 12
73 57 12
73 58 4
73 69 2
73 160 6
73 4 4
73 82 6
73 83 8
73 150 8
73 24 2
73 170 2
73 151 10
73 25 2
73 88 2
73 237 4
73 154 2
73 215 2
83 4 2
83 54 6
83 68 4
83 66 2
83 150 4
83 116 8
83 207 2
83 155 2
83 25 2
83 154 8
83 226 2
85 60 12
85 168 8
85 169 6
85 197 2
85 230 4
85 175 2
85 198 8
85 218 2
85 83 2
85 131 16
85 167 2
85 181 2
85 133 14
85 184 2
85 209 2
85 199 2
85 234 2
85 189 4
85 120 2
85 226 2
85 118 10
126 4 4
126 197 2
126 230 2
126 175 12
126 186 4
126 131 4
126 232 2
126 133 4
126 193 2
126 120 2
126 135 14
126 122 2
126 191 4
132 60 32
132 224 6
132 223 8
132 130 4
132 174 2
132 186 6
132 85 4
132 124 2
132 167 20
132 222 2
132 185 20
132 87 12
132 189 6
132 118 6
132 122 2
132 192 4
190 177 4
190 164 6
190 186 2
190 70 2
190 165 14
190 181 2
190 184 2
190 189 2
190 129 4
206 55 26
206 176 10
206 177 4
206 219 4
206 221 12
206 189 2
21 44 2
21 11 6
21 13 8
21 14 16
21 176 8
21 164 16
21 173 2
21 61 10
21 219 14
21 22 4
21 40 2
21 42 2
21 110 2
21 217 18
21 250 2
52 59 2
52 60 6
52 54 6
52 164 10
52 76 2
52 53 2
52 18 2
52 166 18
76 5 18
76 14 2
76 56 2
76 196 2
76 164 6
76 21 18
76 52 2
76 77 2
76 217 2
135 168 2
135 178 2
135 173 2
135 175 2
135 229 2
135 7 2
135 86 2
135 166 2
135 184 2
135 189 8
135 125 2
135 121 4
135 213 6
183 156 2
183 164 10
183 173 2
183 21 12
183 52 2
183 22 10
183 77 2
183 165 2
183 232 4
183 10 2
183 115 2
183 80 2
183 81 4
183 110 4
183 231 10
222 203 4
222 200 6
222 193 10
222 148 2
222 129 6
20 6 2
20 177 2
20 22 16
20 75 2
20 165 12
20 19 2
20 115 2
20 167 4
22 13 16
22 14 2
22 60 8
22 45 2
22 12 2
22 177 8
22 218 10
22 61 4
22 21 4
22 75 2
22 165 14
22 220 6
22 43 2
22 222 2
22 110 4
40 11 6
40 13 14
40 14 8
40 6 2
40 20 12
40 165 2
40 79 2
40 19 26
40 78 8
53 55 2
53 17 2
53 61 8
53 52 2
53 20 2
53 77 2
53 165 12
53 232 2
53 167 26
66 158 2
66 56 2
66 57 2
66 58 2
66 6 6
66 159 4
66 68 6
66 177 2
66 218 2
66 180 6
66 77 2
66 157 4
66 220 4
66 67 4
66 63 6
66 64 10
66 265 2
66 143 2
75 74 2
75 6 6
75 12 2
75 174 2
75 180 4
75 20 4
75 22 16
75 40 2
75 53 2
75 77 2
75 41 4
75 10 14
75 172 4
77 57 4
77 168 2
77 6 8
77 45 4
77 197 2
77 76 2
77 180 4
77 22 8
77 53 2
77 165 2
77 220 2
77 43 2
160 55 4
160 56 8
160 57 10
160 156 2
160 6 2
160 45 2
160 159 2
160 54 2
160 177 2
160 197 2
160 72 8
160 174 2
160 70 2
160 66 6
160 165 4
160 150 8
160 112 30
160 151 14
160 28 22
160 268 2
160 105 2
160 269 2
168 224 14
168 223 26
168 164 8
168 182 2
168 186 6
168 210 2
168 187 16
168 201 2
168 222 14
168 221 14
168 185 22
168 87 2
168 184 20
168 209 2
168 189 20
168 120 2
168 188 24
168 211 2
223 71 2
223 70 2
223 201 8
223 202 6
223 193 6
223 129 6
235 56 2
235 57 4
235 179 6
235 197 4
235 174 4
235 61 4
235 124 2
235 187 2
235 53 8
235 165 6
235 212 2
235 135 2
8 59 4
8 14 20
8 55 4
8 56 2
8 57 4
8 58 10
8 69 4
8 168 2
8 169 2
8 45 6
8 12 20
8 131 2
8 7 2
8 41 2
8 79 6
8 150 4
7 44 4
7 59 10
7 11 12
7 13 14
7 14 2
7 55 6
7 56 8
7 58 2
7 69 6
7 178 2
7 196 2
7 54 4
7 68 2
7 23 4
7 76 4
7 134 4
7 8 2
7 41 6
41 11 4
41 13 4
41 14 20
41 12 6
41 20 28
41 75 2
41 79 2
41 10 4
41 9 4
41 19 8
41 78 2
67 59 2
67 56 4
67 57 2
67 69 8
67 156 6
67 173 2
67 180 8
67 219 2
67 66 4
67 8 4
67 7 2
67 63 10
67 64 4
67 217 2
67 28 4
67 154 2
86 168 14
86 169 8
86 178 2
86 130 8
86 175 2
86 198 2
86 61 6
86 134 14
86 7 2
86 184 8
86 121 4
86 211 4
86 227 4
211 13 4
211 56 14
211 57 8
211 169 2
211 54 6
211 183 4
211 182 4
211 198 4
211 7 2
211 207 2
211 110 6
211 199 2
211 215 2
79 14 8
79 12 4
79 20 18
79 40 2
79 19 8
79 78 10
79 43 2
152 59 4
152 55 8
152 56 10
152 57 24
152 58 10
152 60 4
152 69 4
152 54 8
152 68 8
152 61 2
152 181 4
152 170 10
152 110 10
152 151 14
152 29 2
152 89 2
152 99 8
152 92 2
152 93 2
152 102 4
152 257 4
152 101 4
152 100 6
152 103 6
152 215 4
152 252 2
152 253 2
152 254 4
152 256 2
152 258 6
152 259 2
152 98 6
152 251 2
152 146 2
10 14 2
10 20 26
10 41 2
10 9 2
9 13 2
9 10 2
9 18 2
9 19 14
18 11 4
18 13 4
18 17 4
18 52 2
18 40 2
18 53 2
18 41 4
18 10 2
18 9 8
18 42 2
18 166 4
18 81 6
18 170 2
19 74 6
19 176 2
19 164 14
19 21 26
19 20 2
19 79 2
19 78 2
19 116 2
19 166 8
46 11 4
46 13 2
46 21 2
46 41 2
46 79 4
46 19 4
46 47 2
46 50 4
46 78 4
46 166 2
15 59 2
15 158 2
15 11 10
15 57 4
15 58 2
15 68 2
15 171 2
15 214 2
15 61 2
15 219 2
15 66 4
15 67 2
15 42 4
15 50 4
15 24 2
15 63 8
15 64 2
42 11 18
42 13 6
42 21 2
42 18 4
42 50 2
47 11 2
47 14 2
47 45 2
47 12 10
47 40 4
47 79 4
47 46 2
47 78 2
50 158 10
50 11 22
50 13 4
50 196 2
50 15 4
50 51 2
78 11 4
78 13 4
78 14 2
78 12 8
78 54 2
78 164 6
78 40 2
78 79 2
78 19 20
115 44 2
115 59 4
115 11 2
115 176 4
115 45 4
115 68 4
115 171 6
115 21 4
115 76 4
115 22 2
115 77 4
115 50 2
115 116 8
115 63 12
115 49 2
115 205 4
115 264 6
115 129 7
16 59 2
16 12 10
16 197 4
16 115 2
16 43 4
16 51 6
16 172 2
16 116 4
16 63 4
16 64 4
16 49 4
16 133 2
16 155 2
43 14 4
43 12 20
43 17 2
43 20 2
43 22 2
51 45 2
51 159 8
51 12 22
51 197 2
51 75 2
51 50 2
51 16 2
51 172 2
51 87 2
175 56 2
175 57 34
175 69 4
175 45 4
175 68 2
175 177 8
175 179 2
175 66 2
175 157 8
175 150 2
175 116 2
175 63 2
175 151 2
175 65 2
112 13 4
112 14 10
112 55 14
112 56 2
112 156 4
112 54 10
112 71 2
112 72 18
112 173 10
112 174 10
112 70 4
112 157 26
112 161 2
112 167 2
112 166 2
112 265 10
112 245 2
112 274 8
112 194 4
112 195 8
164 13 6
164 14 10
164 156 2
164 71 14
164 72 4
164 173 4
164 174 6
164 175 2
164 218 2
164 70 18
164 112 4
164 167 2
164 166 2
164 193 2
164 194 4
164 195 6
80 13 2
80 55 4
80 60 2
80 173 2
80 174 10
80 61 8
80 180 2
80 165 10
80 167 14
80 166 2
80 81 4
116 44 4
116 59 2
116 13 2
116 14 2
116 159 2
116 68 2
116 197 2
116 72 2
116 83 2
116 21 2
116 76 2
116 22 2
116 115 4
116 172 8
116 63 4
116 155 6
116 33 2
116 268 4
116 92 2
116 93 2
116 204 2
116 206 2
116 242 2
116 262 2
116 261 6
116 129 6
170 13 4
170 55 4
170 56 2
170 57 2
170 60 6
170 223 4
170 174 4
170 175 2
170 210 2
170 214 2
170 218 2
170 61 4
170 22 2
170 165 4
170 161 2
170 80 4
170 167 2
170 222 2
170 166 6
170 221 4
170 133 4
170 212 2
170 135 2
170 216 2
203 13 2
203 176 6
203 54 12
203 177 12
203 197 2
203 217 2
204 14 2
204 55 6
204 176 8
204 196 2
204 177 10
204 130 2
204 185 2
204 194 2
205 13 2
205 176 4
205 54 34
205 177 24
205 131 2
205 220 6
205 222 16
205 26 2
205 188 2
205 195 4
225 164 4
225 165 2
225 167 2
225 181 2
225 185 2
225 265 2
225 129 3
97 14 2
97 57 6
97 181 2
97 170 2
97 110 2
97 29 2
97 266 30
97 265 42
97 30 2
97 104 20
97 31 2
97 267 2
97 100 2
97 252 2
97 98 2
97 251 2
97 129 3
184 14 2
184 60 14
184 176 4
184 224 2
184 68 2
184 177 10
184 223 2
184 71 8
184 72 4
184 186 4
184 70 2
184 61 14
184 85 2
184 131 2
184 187 8
184 86 4
184 167 10
184 222 6
184 97 2
184 166 6
184 221 2
184 87 2
184 184 2
184 236 2
169 59 2
169 14 4
169 56 2
169 57 4
169 60 4
169 224 8
169 54 4
169 164 6
169 173 2
169 61 10
169 52 2
169 134 2
169 161 2
169 167 6
169 166 2
169 221 2
169 81 2
169 217 2
169 209 2
169 215 2
169 132 4
169 211 2
169 216 2
169 213 2
210 14 2
210 55 6
210 60 2
210 169 2
210 54 4
210 113 2
210 208 2
210 181 6
210 24 2
210 194 2
224 224 4
224 164 2
224 165 4
224 167 2
224 181 2
224 166 2
224 184 2
224 129 5
252 14 2
252 56 2
252 176 4
252 224 2
252 70 8
252 200 18
252 201 8
252 110 2
252 250 8
252 239 2
252 266 2
252 265 6
252 104 2
252 204 2
252 237 6
252 98 4
252 194 4
252 129 5
24 59 2
24 60 2
24 160 2
24 196 2
24 82 12
24 84 6
24 73 2
24 86 4
24 150 8
24 207 2
24 151 4
24 185 2
62 158 2
62 56 2
62 57 4
62 69 2
62 159 4
62 68 2
62 72 2
62 66 8
62 67 14
62 115 2
62 249 2
62 64 60
62 154 4
62 65 4
62 139 2
62 129 2
64 158 2
64 56 2
64 57 10
64 69 2
64 68 4
64 66 8
64 67 4
64 50 2
64 116 2
64 63 47
64 48 2
64 275 2
64 263 2
64 129 4
49 159 26
49 51 8
49 116 2
49 48 2
134 168 2
134 169 2
134 230 2
134 174 2
134 175 2
134 85 4
134 167 4
134 184 6
134 199 2
134 189 2
134 216 4
158 59 2
158 56 2
158 57 4
158 60 6
158 69 2
158 54 8
158 68 8
158 72 4
158 82 2
158 83 8
158 150 2
158 161 4
158 116 4
158 270 2
158 149 4
158 154 2
158 262 2
158 162 4
158 276 2
158 106 2
158 261 4
158 271 2
158 129 3
81 60 8
81 54 4
81 164 10
81 173 12
81 180 2
81 19 2
81 80 2
81 166 8
173 56 2
173 57 4
173 23 2
173 97 2
173 30 2
173 104 8
173 105 8
173 269 4
173 137 4
173 277 2
173 93 6
173 96 2
173 106 6
173 129 3
110 55 2
110 56 4
110 57 2
110 60 18
110 160 10
110 54 6
110 177 2
110 164 2
110 218 4
110 61 10
110 203 2
110 21 6
110 52 2
110 180 6
110 219 6
110 53 2
110 165 4
110 220 4
110 150 8
110 201 2
110 202 2
110 97 2
110 249 2
110 217 6
110 151 2
110 28 8
110 99 4
110 248 2
110 102 4
110 204 2
110 238 2
110 101 2
110 138 6
110 100 2
110 103 4
110 259 4
110 98 2
220 55 2
220 71 2
220 70 2
220 203 4
220 200 2
220 166 2
220 190 6
220 129 8
253 56 6
253 57 2
253 173 2
253 249 8
253 266 18
253 104 40
253 267 6
253 105 2
253 238 2
253 100 2
253 253 2
253 255 4
253 251 2
253 261 2
253 129 26
153 59 2
153 55 20
153 56 16
153 57 12
153 58 10
153 60 2
153 160 2
153 54 24
153 68 6
153 72 2
153 113 2
153 61 2
153 150 16
153 170 10
153 28 2
153 30 2
153 99 6
153 244 4
153 147 2
153 102 4
153 245 2
153 96 2
153 101 2
153 128 2
153 152 2
153 138 4
153 163 4
153 100 8
153 103 2
153 252 6
153 254 4
153 255 6
153 256 2
153 258 2
153 98 2
153 145 2
153 162 4
153 216 4
188 201 2
188 222 2
188 233 2
188 189 2
188 188 24
188 135 2
188 129 10
25 73 2
25 83 10
25 85 2
25 151 6
25 87 2
25 184 2
25 209 2
87 60 10
87 168 4
87 169 8
87 179 2
87 175 2
87 182 2
87 131 14
87 43 2
87 185 4
87 199 4
87 212 4
87 135 8
87 122 4
87 126 4
87 228 2
187 186 2
187 134 2
187 221 2
187 189 14
187 188 2
187 129 8
212 166 2
26 223 2
26 218 6
26 202 6
202 196 2
202 197 2
202 192 2
202 129 7
28 59 2
28 55 6
28 56 8
28 57 8
28 58 2
28 156 16
28 54 4
28 68 2
28 71 2
28 164 6
28 173 4
28 174 2
28 70 4
28 157 18
28 165 4
28 80 4
28 81 4
28 151 4
28 231 2
234 44 2
234 56 2
234 60 8
234 69 2
234 168 2
234 196 6
234 164 16
234 173 6
234 52 10
29 55 4
29 54 6
29 239 2
29 266 2
29 88 4
29 265 10
29 129 13
242 55 4
242 54 2
242 29 2
242 266 6
242 240 2
242 104 36
242 267 6
242 105 22
242 204 4
242 129 29
270 250 6
270 29 2
270 265 14
270 104 6
270 267 4
270 238 18
270 129 22
88 55 12
88 54 4
88 266 2
88 265 34
88 104 8
88 91 2
88 206 6
88 205 4
88 129 16
269 171 2
269 173 4
269 112 10
269 222 2
269 266 14
269 104 10
269 237 4
269 238 2
269 260 2
269 129 12
89 55 4
89 54 4
89 266 22
89 265 4
89 30 2
89 104 2
89 31 2
89 267 10
89 237 4
89 205 2
89 129 15
30 97 2
30 266 20
30 89 2
30 240 4
30 104 2
30 129 11
243 55 6
243 58 2
243 54 2
243 30 4
243 268 6
243 105 42
243 92 2
243 204 2
243 251 4
243 129 25
104 57 2
104 266 6
104 265 8
104 89 4
104 105 2
104 129 34
31 55 2
31 54 4
31 266 2
31 89 2
31 104 2
31 241 4
31 90 2
31 267 30
31 129 12
244 55 6
244 54 10
244 31 4
244 105 10
244 269 4
244 92 4
244 106 26
244 129 19
90 55 4
90 267 50
90 32 4
90 99 2
90 268 12
90 105 2
90 91 4
90 129 30
271 156 2
271 250 4
271 239 4
271 266 4
271 268 2
271 129 23
32 90 2
32 33 2
32 268 22
32 129 9
33 55 2
33 54 2
33 243 2
33 105 2
33 269 18
33 129 10
99 56 2
99 57 2
99 32 2
99 33 2
99 268 18
99 105 8
99 269 52
99 270 14
99 91 2
99 100 2
99 98 12
99 106 20
99 129 25
272 157 2
272 267 2
272 105 4
272 269 2
272 129 25
246 55 8
246 54 4
246 33 2
246 251 2
246 106 6
246 107 24
246 271 18
246 129 27
105 104 2
105 90 2
105 267 2
105 268 6
105 106 4
105 129 28
273 55 2
273 157 2
273 241 4
273 268 2
273 270 4
273 252 4
273 129 26
34 55 2
34 57 2
34 54 2
34 92 4
34 244 2
34 270 26
34 129 10
92 55 10
92 54 2
92 240 2
92 241 4
92 269 2
92 34 4
92 270 32
92 100 2
92 129 17
247 55 8
247 57 2
247 54 20
247 151 4
247 34 2
247 244 2
247 245 2
247 257 6
247 139 2
247 254 2
247 256 8
247 107 42
247 272 12
247 271 10
247 129 23
148 59 8
148 55 2
148 58 2
148 160 4
148 54 8
148 150 4
148 116 2
148 110 10
148 151 2
148 34 2
148 128 2
148 138 4
148 139 6
274 54 2
274 269 4
274 242 2
274 253 4
274 271 2
274 129 27
35 55 10
35 56 4
35 57 4
35 54 12
36 55 6
36 54 8
37 55 4
37 54 8
37 111 14
37 129 1
111 156 4
111 72 12
111 112 6
111 37 14
111 136 2
111 245 2
111 257 2
111 95 8
111 144 2
111 109 6
111 129 5
38 55 2
38 54 2
138 170 4
138 39 4
138 277 8
138 129 2
39 137 6
39 136 2
39 277 4
39 129 2
137 155 2
137 39 2
137 277 6
137 96 4
137 109 2
137 129 2
251 55 2
251 150 4
251 151 6
251 39 4
251 277 22
251 127 4
251 247 2
251 95 6
251 96 10
251 144 2
251 103 8
251 259 2
251 145 2
251 109 4
251 276 6
251 129 14
281 55 4
281 156 4
281 150 2
281 151 2
281 248 2
281 129 12
48 158 28
48 50 8
48 115 2
48 116 2
48 49 2
123 178 20
123 52 2
123 166 2
123 225 6
123 132 4
123 117 14
123 192 6
123 191 8
91 55 4
91 54 6
91 88 2
91 90 2
91 99 4
91 268 24
91 105 2
91 269 30
91 254 2
91 129 26
93 55 4
93 54 20
93 268 8
93 269 6
93 270 6
93 129 6
94 54 4
102 56 4
102 57 2
102 54 6
129 59 4
129 55 12
129 58 8
129 160 2
129 54 12
129 68 2
129 142 2
129 154 2
129 162 2
129 146 2
207 54 8
207 239 4
207 240 2
207 238 8
209 55 2
209 54 2
209 88 6
236 54 2
236 173 2
236 61 4
236 222 4
236 166 2
236 221 2
236 185 8
236 188 12
239 60 12
239 54 4
239 223 6
239 174 2
239 214 2
239 165 2
239 167 2
239 185 12
239 215 2
239 188 8
239 122 2
240 54 6
240 265 4
240 89 4
240 104 18
240 129 11
241 54 10
241 249 4
241 239 4
241 266 22
241 265 6
241 104 26
241 204 6
241 129 19
245 55 4
245 54 12
245 269 2
245 270 4
245 253 4
245 106 48
245 129 20
248 57 2
248 54 2
248 112 2
248 161 2
248 151 2
248 111 2
248 257 8
248 256 14
248 107 6
248 108 30
248 273 20
248 271 2
248 129 20
249 55 2
249 54 2
250 55 14
250 54 2
250 155 4
250 258 2
250 109 20
250 276 8
250 129 18
260 55 8
260 56 2
260 57 12
260 54 10
260 150 4
260 244 6
260 111 2
260 245 8
260 256 8
260 274 10
260 108 16
260 129 24
95 55 2
95 96 2
96 170 2
96 136 2
96 277 2
96 95 2
96 144 2
96 109 2
96 129 1
101 55 4
101 56 2
101 57 2
130 59 6
130 55 14
130 58 2
130 69 2
130 160 4
130 54 6
130 151 6
130 147 2
130 149 2
130 162 2
143 55 12
143 58 2
143 54 18
143 150 26
143 248 2
143 143 8
144 59 2
144 55 14
144 58 2
144 54 14
144 66 2
144 150 12
144 63 2
144 151 6
144 248 4
144 95 2
144 142 8
145 54 2
145 150 4
145 110 12
145 248 6
145 127 2
145 96 16
145 145 2
145 146 2
151 59 12
151 55 22
151 58 14
151 156 8
151 54 16
151 128 2
151 154 2
151 65 2
154 55 12
154 54 12
154 150 2
154 151 12
154 274 2
154 108 2
155 55 18
155 54 12
155 150 26
155 110 6
155 151 20
155 245 2
155 152 2
157 59 6
157 57 6
157 58 6
157 60 2
157 69 10
157 159 2
157 54 4
157 68 10
157 72 4
157 82 4
157 171 2
157 83 4
157 150 2
157 161 2
157 64 2
157 155 10
157 104 4
157 149 2
157 65 2
157 162 2
157 129 3
208 55 6
208 88 4
208 89 2
237 55 2
237 60 4
237 174 2
237 61 4
237 167 2
237 221 8
237 184 6
237 189 10
238 55 2
238 57 2
238 224 8
238 164 2
238 173 2
238 175 2
238 61 10
238 181 2
238 166 4
238 184 8
238 189 4
238 121 2
238 216 2
65 59 2
65 55 6
65 56 4
65 57 4
65 60 2
65 159 2
65 68 2
65 72 2
65 171 2
65 61 2
65 157 2
65 150 2
65 172 2
65 161 2
65 63 2
65 155 4
65 247 2
65 95 2
65 140 4
139 160 4
139 70 12
139 110 48
139 151 2
139 245 2
139 139 8
139 275 2
139 153 6
140 70 32
140 150 2
140 110 70
140 151 2
140 244 2
140 138 6
140 153 2
140 273 2
166 59 2
166 55 2
166 161 2
166 151 4
166 248 2
279 55 4
279 247 2
279 258 2
279 129 11
100 56 2
100 57 2
100 97 2
100 250 2
100 99 2
100 270 26
100 252 2
100 106 6
100 129 6
103 56 4
103 57 2
103 277 4
218 56 2
218 57 2
218 208 2
218 166 2
218 213 2
255 56 2
255 57 2
255 97 2
255 105 12
255 100 2
255 253 2
255 106 32
255 129 20
256 56 2
256 250 2
256 270 14
256 252 2
256 254 2
256 106 54
256 129 22
257 56 2
257 57 4
257 244 2
257 270 2
257 91 2
257 253 2
257 255 2
257 107 60
257 271 16
257 129 28
258 56 4
258 57 4
258 250 4
258 107 4
258 129 2
259 56 14
259 57 6
259 244 6
259 245 20
259 257 12
259 274 2
259 108 60
259 273 20
259 129 32
261 56 4
261 57 2
261 70 2
261 150 2
261 161 2
261 275 2
261 109 18
261 276 4
261 129 20
262 56 4
262 57 2
262 151 2
262 248 4
262 109 14
262 129 14
265 159 8
265 72 2
265 157 2
265 112 2
265 116 2
265 155 2
265 266 2
265 265 2
265 104 4
265 267 2
265 268 4
265 105 8
265 269 8
265 270 8
265 263 2
265 264 4
265 260 8
265 106 10
265 261 6
265 107 26
265 271 10
265 129 11
266 56 2
266 67 2
266 64 2
266 262 10
266 264 4
266 260 2
266 129 7
98 57 2
98 97 2
98 249 4
98 90 10
98 267 46
98 99 12
98 268 28
98 105 4
98 269 2
98 129 24
254 57 2
254 97 2
254 250 2
254 240 2
254 243 2
254 105 74
254 129 35
278 57 2
278 112 8
278 257 4
278 108 4
278 273 10
278 129 22
141 59 2
141 158 4
141 66 2
141 67 2
141 63 6
141 110 4
141 142 10
141 143 10
141 65 10
141 141 14
192 60 2
192 224 2
192 214 2
192 61 2
192 187 2
192 203 2
192 133 2
192 185 2
192 184 8
192 188 2
192 216 2
192 129 9
196 60 2
196 61 2
196 222 2
196 117 2
196 118 2
196 192 2
196 191 2
196 190 4
196 129 5
120 60 2
120 186 8
120 198 2
120 61 2
120 187 4
120 232 4
120 185 4
120 184 6
120 189 8
120 188 2
120 118 4
120 122 2
120 191 4
120 129 13
191 223 2
191 186 2
191 61 2
191 202 2
191 185 12
191 184 2
191 189 2
191 132 2
191 129 9
267 229 6
267 131 2
267 115 2
267 112 4
267 161 2
267 63 2
267 64 2
267 262 6
267 263 4
267 129 2
63 62 1
142 158 4
142 156 6
142 67 2
142 110 4
142 95 2
142 142 2
142 143 10
142 65 6
142 140 16
146 67 2
146 110 16
146 151 18
146 248 4
146 96 4
146 128 2
146 144 4
165 68 2
165 161 4
165 151 4
165 248 2
165 163 2
156 160 2
156 72 2
156 70 22
156 73 2
156 150 4
156 110 6
156 138 16
156 139 18
197 197 2
197 230 2
197 71 8
197 174 2
197 70 8
197 187 6
197 161 2
197 129 3
198 71 6
198 186 4
198 70 6
215 167 2
109 129 1
263 72 4
263 112 2
263 161 4
263 266 2
263 265 10
263 104 14
263 267 2
263 268 4
263 105 12
263 269 10
263 270 2
263 262 6
263 106 12
263 261 18
263 129 6
280 248 4
280 247 6
280 258 2
280 259 2
280 129 13
127 178 22
127 123 2
127 164 2
127 175 4
127 134 2
127 81 2
127 193 2
127 121 14
127 227 6
127 192 8
127 191 4
228 178 6
228 117 4
228 191 2
228 129 6
229 179 6
229 234 2
229 189 2
229 118 2
229 192 2
229 190 2
229 129 7
133 169 2
133 84 2
133 173 2
133 229 2
133 166 4
133 185 8
133 215 6
133 188 2
117 160 2
117 178 4
117 119 2
117 130 2
117 175 2
117 185 2
117 233 2
117 193 2
117 188 8
117 118 2
117 129 5
118 179 10
118 131 2
118 189 10
118 193 2
118 120 2
118 117 2
118 129 7
124 169 2
124 179 22
124 85 2
124 193 2
124 226 6
124 118 14
124 192 4
124 191 4
124 190 2
121 178 8
121 119 4
121 184 10
121 235 2
121 122 2
121 190 2
121 129 9
214 166 2
230 178 6
230 193 4
230 192 2
230 191 2
230 129 9
136 169 2
136 179 4
136 230 2
136 174 2
136 175 4
136 214 8
136 167 2
136 185 2
136 87 2
136 188 8
136 122 2
136 192 2
122 179 12
122 124 2
122 185 20
122 120 4
122 121 2
122 126 2
122 192 2
122 129 10
128 179 30
128 175 6
128 165 4
128 232 2
128 193 6
128 135 4
128 122 12
128 228 8
128 192 4
128 191 6
231 179 6
231 193 4
231 120 2
231 188 2
231 192 4
231 129 8
106 105 4
106 107 2
106 129 32
264 159 2
264 112 2
264 161 4
264 151 2
264 266 4
264 265 4
264 104 12
264 268 10
264 105 8
264 269 10
264 270 2
264 100 2
264 262 12
264 260 20
264 106 18
264 129 10
107 262 2
107 106 2
107 272 2
276 244 10
276 107 4
276 129 25
108 256 2
108 274 2
108 273 2
108 129 1
277 139 2
277 274 10
277 129 28
147 150 2
147 115 2
147 127 2
147 144 2
195 193 2
195 129 15
194 173 2
194 193 2
194 129 12
193 178 2
193 179 2
193 167 2
193 166 2
193 193 4
193 121 2
193 129 10
219 198 2
219 214 2
219 167 2
219 166 2
216 166 2
216 215 2
149 219 12
149 200 10
149 129 1
150 220 12
150 201 8
275 270 2
275 245 2
275 129 24
268 129 1
