49
2 4 23.32
2 6 63.42
2 8 1
2 10 115.97
2 12 97.93
2 14 278.07
2 15 21.69
2 16 51.09
2 18 199.32
2 20 2354.08
2 26 748.96
2 30 6.56
2 34 27.72
2 36 93
2 37 11.53
2 39 178.08
2 41 62.2
2 43 541.83
2 45 280.56
2 47 2
2 49 73.54
2 1 302.01
2 5 21.36
2 9 9.3
2 11 18.73
2 13 46.6
2 17 65.15
2 19 120.57
2 25 84.73
2 29 10.81
2 33 9.61
2 35 12.49
2 38 127.35
2 40 31.19
2 42 66.69
2 44 4.83
2 48 34.46
4 2 35.03
4 6 96.48
4 8 149.28
4 10 964.55
4 12 65.54
4 14 237.03
4 15 4.69
4 16 15.22
4 18 27.21
4 20 112.64
4 22 46.82
4 24 10.06
4 26 30.05
4 28 149.51
4 30 3.15
4 32 6.11
4 36 8.61
4 37 1.41
4 39 50.06
4 41 229.13
4 43 145.17
4 45 243.88
4 47 49.08
4 49 255.5
4 1 8.12
4 3 526.84
4 5 76.9
4 7 95.86
4 9 929.5
4 11 3.46
4 13 132.92
4 17 42.43
4 19 19.46
4 21 2.24
4 25 8.32
4 27 66.36
4 31 11.05
4 35 4.36
4 38 10.71
4 40 110.83
4 42 22.66
4 44 223.35
4 46 60.97
4 48 236.85
6 2 15.16
6 4 98.72
6 8 99.05
6 10 334.18
6 12 56.41
6 14 842.86
6 15 30.67
6 16 151.78
6 18 192.82
6 20 54.15
6 22 217.23
6 24 19.43
6 26 50.69
6 28 246.8
6 30 10.18
6 32 9.24
6 34 50.99
6 36 38.69
6 37 38.2
6 39 170.1
6 41 135.18
6 43 240.14
6 45 269.99
6 47 16.84
6 49 551.92
6 1 4.58
6 3 70.87
6 5 1027.98
6 7 38.66
6 9 141.36
6 11 38.35
6 13 1598.94
6 17 250.83
6 19 27.49
6 21 96.93
6 23 12.16
6 25 21.35
6 27 241.29
6 29 28.2
6 31 6.24
6 33 35.47
6 35 7.22
6 38 116.09
6 40 75.56
6 42 105.27
6 44 281.75
6 46 25.65
6 48 586.82
8 2 10.41
8 4 73.94
8 6 64.92
8 10 253.52
8 12 39.41
8 14 281.94
8 15 10.66
8 16 21.24
8 18 97.9
8 20 54.8
8 22 161.88
8 24 107.32
8 26 52.67
8 28 372.13
8 30 3
8 32 1
8 34 12.43
8 36 4.45
8 37 5.61
8 39 40.85
8 41 119.98
8 43 112.8
8 45 158.45
8 47 6.69
8 49 151.22
8 1 1.41
8 3 87.39
8 5 48.86
8 7 84.43
8 9 285.02
8 13 67.14
8 17 18.48
8 21 8.46
8 23 8.49
8 25 5.83
8 27 25.77
8 29 3.73
8 35 2
8 38 1
8 40 71.41
8 42 13.46
8 44 28.01
8 46 3.46
8 48 176.67
10 2 50.83
10 4 268.67
10 6 350.1
10 8 314.76
10 12 150.6
10 14 1250.99
10 15 59.62
10 16 172.81
10 18 459.04
10 20 211.89
10 22 365.09
10 24 395.58
10 26 125.93
10 28 991.53
10 30 34.84
10 32 21.22
10 34 105.91
10 36 32.04
10 37 11.07
10 39 185.63
10 41 343.06
10 43 441.95
10 45 884.07
10 47 138.31
10 49 645.62
10 1 5.29
10 3 236.89
10 5 612.35
10 7 162.21
10 9 1874.01
10 11 9.14
10 13 808.62
10 17 131.21
10 19 6.66
10 21 42.81
10 23 16.37
10 25 21
10 27 6.58
10 29 27.43
10 31 6.61
10 33 8.06
10 35 2
10 38 19.17
10 40 121.16
10 42 74.52
10 44 349.53
10 46 54.98
10 48 763.7
12 2 41.93
12 4 22.02
12 6 132.28
12 8 5.41
12 10 28.26
12 14 203.08
12 15 24.63
12 16 166.24
12 18 66.66
12 20 230.72
12 22 44.65
12 26 171.96
12 28 18.67
12 30 5.24
12 34 95.64
12 36 22.32
12 39 1225.27
12 41 120.31
12 43 180.8
12 45 154.2
12 47 8.63
12 49 117.54
12 1 42.61
12 3 3.46
12 5 39.74
12 9 12.73
12 11 334.28
12 13 113.73
12 17 62.49
12 19 45.26
12 21 1
12 25 161.13
12 29 4.65
12 31 7.07
12 33 40.33
12 35 4.73
12 38 475.04
12 40 125.62
12 42 97.67
12 44 112.67
12 46 18.71
12 48 57.24
14 2 172.55
14 4 170.98
14 6 732.27
14 8 229.42
14 10 623.56
14 12 399.53
14 15 214.15
14 16 555.41
14 18 630.83
14 20 451.17
14 22 567.75
14 24 139.6
14 26 447.94
14 28 663.03
14 30 89.81
14 32 38.04
14 34 260.4
14 36 111.73
14 37 17.04
14 39 793.64
14 41 650.12
14 43 1007.93
14 45 1040.01
14 47 53.76
14 49 1493.29
14 1 20.91
14 3 93.94
14 5 1227.42
14 7 78.7
14 9 281.12
14 11 121.41
14 13 2505.27
14 17 341.62
14 19 47.58
14 21 34.58
14 23 5.66
14 25 84.39
14 27 6.63
14 29 56.34
14 31 5.99
14 33 47.72
14 35 8.54
14 38 217.6
14 40 330.79
14 42 284.4
14 44 624.46
14 46 30.33
14 48 1389.88
15 2 12.96
15 4 1
15 6 25.45
15 8 2.45
15 10 27.83
15 14 55.15
15 16 645.39
15 18 221.87
15 20 4.24
15 26 102.68
15 30 20.07
15 34 10.22
15 36 2.65
15 37 22.34
15 39 104.54
15 41 14.19
15 43 3.86
15 45 1.41
15 49 11
15 1 3.41
15 3 3.83
15 5 39.05
15 9 28.06
15 11 5.15
15 13 124.32
15 17 307.83
15 19 14.57
15 25 65.06
15 29 21.42
15 33 1
15 35 1.41
15 38 56.46
15 40 16.8
15 42 16.89
15 44 22.87
15 48 23.91
16 2 63.41
16 4 21.94
16 6 101.75
16 8 14.78
16 10 692.01
16 12 62.78
16 14 1539.21
16 15 766.08
16 18 3725.4
16 20 26.51
16 22 25.08
16 26 220.38
16 28 4.58
16 30 63.43
16 32 1.41
16 34 39.39
16 36 6.18
16 37 15.31
16 39 759
16 41 118.67
16 43 120.7
16 45 127.95
16 47 1
16 49 165.71
16 1 16.38
16 3 34.56
16 5 117.47
16 7 14.36
16 9 767.43
16 11 72.71
16 13 2324.98
16 17 4476.65
16 19 37.43
16 21 21.25
16 25 163.15
16 27 2
16 29 63.38
16 33 21.98
16 35 2
16 38 741.07
16 40 86.25
16 42 121.31
16 44 227.41
16 46 3.73
16 48 196.19
18 2 254.88
18 4 19.83
18 6 146
18 8 44.1
18 10 174.14
18 12 46.13
18 14 403.03
18 15 188.21
18 16 700.2
18 20 390.39
18 22 11.05
18 26 440.56
18 28 3.16
18 30 60.65
18 34 29.27
18 36 46.1
18 37 10.46
18 39 401.9
18 41 234.07
18 43 80.04
18 45 64.18
18 49 472.78
18 1 75.96
18 3 24.82
18 5 156.06
18 7 19.82
18 9 54.53
18 11 21.05
18 13 433.86
18 17 307.52
18 19 28.93
18 21 1
18 25 209.22
18 29 58.98
18 31 1.41
18 33 34.96
18 35 3.46
18 38 200.04
18 40 173.65
18 42 43.43
18 44 33.13
18 46 5.29
18 48 457.02
20 2 35.88
20 4 31.38
20 6 79.9
20 8 20.31
20 10 79.95
20 12 1298.11
20 14 210.75
20 16 42.16
20 18 49.61
20 22 10.19
20 26 79.5
20 28 42.55
20 32 4.83
20 34 19.9
20 36 35.05
20 39 629.47
20 41 57.3
20 43 226.62
20 45 428.6
20 47 18.84
20 49 169.97
20 1 9.78
20 3 2.73
20 5 15.66
20 9 10.09
20 11 133.15
20 13 20.4
20 17 28.43
20 19 84.29
20 25 70.42
20 29 1.73
20 31 4.9
20 33 1.41
20 35 1.73
20 38 155.78
20 40 27.85
20 42 21.23
20 44 56.89
20 46 12.96
20 48 17.13
22 4 1.73
22 6 77.27
22 8 65.69
22 10 224.85
22 12 291.41
22 14 817.11
22 16 7.81
22 18 41.25
22 20 28.78
22 24 374.18
22 26 5.65
22 28 781.32
22 30 1
22 32 244.19
22 34 704.05
22 36 24.32
22 39 38.55
22 41 11.57
22 43 274.39
22 45 2044.68
22 47 18.6
22 49 438.85
22 5 28.77
22 7 7.73
22 9 48.27
22 13 64.9
22 17 14.29
22 21 134.49
22 23 44.33
22 27 21.96
22 31 35.36
22 44 103.42
22 46 20.45
22 48 82.79
24 6 2
24 8 19.06
24 10 564.65
24 14 81.25
24 18 2.83
24 22 1389.6
24 28 609.54
24 41 4.45
24 45 50.93
24 49 54.02
24 7 6.32
24 9 27.02
24 13 6.56
24 23 71.7
24 27 6.32
24 44 9.27
26 2 61.41
26 4 16.42
26 6 65.66
26 8 4.41
26 10 18.28
26 12 159.83
26 14 139.29
26 15 322.27
26 16 253.57
26 18 359.59
26 20 119.48
26 22 9.92
26 28 24
26 30 11.84
26 34 29.87
26 36 27.55
26 37 2.45
26 39 567.73
26 41 87.04
26 43 81.15
26 45 41.29
26 49 94.48
26 1 44.66
26 3 4.41
26 5 39.3
26 9 7.47
26 11 67.73
26 13 124.95
26 17 148.24
26 19 68.8
26 25 488.88
26 29 15.35
26 31 1.41
26 33 24.08
26 35 3
26 38 313.61
26 40 62.01
26 42 39.73
26 44 23.95
26 46 3.74
26 48 52.97
28 2 4.47
28 6 38.79
28 8 144.59
28 10 225.44
28 12 81.44
28 14 304.92
28 18 20.93
28 20 69.11
28 22 1766.67
28 24 491.04
28 32 31.52
28 34 71.23
28 39 7.07
28 41 14.8
28 43 344.8
28 45 414.03
28 47 5.32
28 49 385.83
28 5 2
28 7 7.14
28 9 28.12
28 13 11.25
28 21 510.58
28 23 172.57
28 27 1107.52
28 31 6.24
28 44 13.84
28 48 77.1
30 4 1
30 6 2.83
30 10 8.59
30 12 4.88
30 14 23.63
30 15 6.38
30 16 82.95
30 18 18.34
30 20 2.83
30 26 11.83
30 34 1
30 37 2.45
30 39 32.04
30 41 6.89
30 43 6.47
30 45 9.89
30 49 6.46
30 3 4.46
30 5 8.62
30 7 1
30 9 10.13
30 11 1
30 13 29.56
30 17 40.9
30 25 3
30 29 5.16
30 31 1
30 38 6.16
30 40 7.27
30 42 3.73
30 44 12.79
30 46 4.74
30 48 4.24
32 2 3.46
32 4 12.81
32 6 12.52
32 8 4
32 10 13.24
32 12 26.48
32 14 43.63
32 18 7.75
32 20 17.7
32 22 1202.43
32 24 13.87
32 26 1.41
32 28 87.08
32 30 2
32 36 7.21
32 39 2.41
32 41 22.67
32 43 45.16
32 45 415.34
32 47 41.95
32 49 31.21
32 3 1.41
32 5 2
32 9 4.65
32 11 6.69
32 13 11.45
32 21 5.83
32 23 2
32 25 1.73
32 31 3.73
32 42 6.6
32 44 39.97
32 46 2
32 48 8.28
34 2 1.41
34 4 2.45
34 6 112.65
34 8 9.21
34 10 20
34 12 36.55
34 14 117.86
34 15 7.97
34 16 70.28
34 18 33.12
34 20 3.87
34 22 78.04
34 26 11.69
34 28 1.41
34 30 1.73
34 39 139.03
34 41 11.83
34 43 28.84
34 45 23.25
34 49 111.38
34 1 1.41
34 5 57.34
34 9 4.58
34 11 46.46
34 13 111.47
34 17 49.39
34 19 7.6
34 25 21.63
34 29 4.41
34 33 126.22
34 38 80.02
34 40 1.73
34 42 26.39
34 44 20.76
34 48 70.94
36 2 120.5
36 4 7.07
36 6 77.61
36 8 2.41
36 10 47.85
36 12 104.3
36 14 211.49
36 15 1
36 16 5.88
36 18 33.15
36 20 242.85
36 22 18.63
36 26 51.98
36 28 2.24
36 34 2.41
36 39 71.23
36 41 69.6
36 43 276.84
36 45 242.92
36 47 2.83
36 49 61.35
36 1 28.98
36 3 4.88
36 5 5.6
36 7 1
36 9 14.59
36 11 3.73
36 13 4.24
36 17 11.92
36 19 16.52
36 25 6.58
36 31 2
36 35 8.45
36 38 15.21
36 40 18.24
36 42 14.16
36 44 7.73
36 46 3.74
36 48 3.61
37 2 1
37 6 57.16
37 10 214.76
37 12 1
37 14 498.43
37 15 62.7
37 16 245.55
37 18 1226.66
37 20 1.73
37 22 7.2
37 26 26.8
37 28 8.43
37 30 102.18
37 32 2.45
37 39 9.36
37 43 5.46
37 45 26.57
37 49 22.02
37 5 58.18
37 7 3
37 9 238.71
37 11 2
37 13 652.7
37 17 1373.19
37 19 3.97
37 21 1.41
37 25 46.04
37 29 89
37 33 1.73
37 38 33.74
37 40 2.45
37 44 56.17
37 48 29.79
39 2 92.39
39 4 51.41
39 6 354.31
39 8 12.87
39 10 55.19
39 12 674.62
39 14 564.13
39 15 298.44
39 16 2118.36
39 18 431.18
39 20 95.1
39 22 153.34
39 26 748.86
39 28 23.25
39 30 41.49
39 32 2.45
39 34 180.43
39 36 45.82
39 41 551.92
39 43 298.83
39 45 160.27
39 49 406.04
39 1 121.23
39 3 12.93
39 5 269.4
39 7 3.83
39 9 19.47
39 11 377.19
39 13 761.82
39 17 304.21
39 19 85.38
39 25 937.9
39 29 67.66
39 33 161.44
39 35 16.96
39 38 1840.23
39 40 503.4
39 42 190.15
39 44 271.04
39 48 287.35
41 2 82.69
41 4 206.84
41 6 208.29
41 8 110.9
41 10 203.43
41 12 367.96
41 14 631.87
41 15 7.83
41 16 42.81
41 18 159.69
41 20 428.35
41 22 88.92
41 24 20.2
41 26 113.63
41 28 288.49
41 30 7.83
41 34 7.2
41 36 20.94
41 37 1
41 39 592.06
41 43 377.62
41 45 558.67
41 47 42.2
41 49 270.01
41 1 26.07
41 3 194.85
41 5 38.12
41 7 121.32
41 9 224.08
41 11 136.15
41 13 90.83
41 17 35.39
41 19 149.79
41 21 4.45
41 25 43.86
41 27 149.82
41 29 9
41 31 8.87
41 33 2.83
41 35 9.03
41 38 381.04
41 40 691.34
41 42 47.49
41 44 158.37
41 46 71.79
41 48 204.78
43 2 45.35
43 4 59.8
43 6 187.64
43 8 39.2
43 10 160.35
43 12 470.36
43 14 574.74
43 15 23.68
43 16 189.63
43 18 72.53
43 20 272.68
43 22 115.39
43 24 13.79
43 26 126.5
43 28 302.25
43 30 4.74
43 32 21.03
43 34 99.7
43 36 62.77
43 39 782.4
43 41 154.5
43 45 422.55
43 47 11.3
43 49 305.74
43 1 19.35
43 3 7.28
43 5 80.69
43 9 19.43
43 11 166.42
43 13 445.37
43 17 43.96
43 19 43.85
43 21 1.41
43 25 60.78
43 29 7.31
43 31 4
43 33 15.34
43 35 1.73
43 38 254.39
43 40 77.86
43 42 157.81
43 44 252.76
43 46 12
43 48 110.35
45 2 40.99
45 4 162.51
45 6 220.32
45 8 112.68
45 10 318.15
45 12 555.83
45 14 890.74
45 15 17.38
45 16 136.41
45 18 100.28
45 20 328.51
45 22 1203.69
45 24 198.43
45 26 74.64
45 28 464.74
45 30 15.05
45 32 259.98
45 34 238.85
45 36 73.91
45 39 567.21
45 41 409.8
45 43 509.79
45 47 451.76
45 49 572.85
45 1 1
45 3 51.94
45 5 121.66
45 7 21.5
45 9 169.78
45 11 221.41
45 13 609.36
45 17 48.75
45 19 14.52
45 21 12.63
45 23 4.38
45 25 14.86
45 27 2
45 29 8.42
45 31 21.23
45 33 6.29
45 35 1.41
45 38 102.31
45 40 116.63
45 42 187.33
45 44 833.47
45 46 79.7
45 48 251.71
47 2 13.86
47 4 109.15
47 6 34.19
47 8 33.47
47 10 87.92
47 12 151.97
47 14 148.57
47 15 6.61
47 16 13.97
47 18 10.57
47 20 80.01
47 22 27.52
47 26 15.98
47 28 23.39
47 30 3.87
47 32 23.85
47 34 10.43
47 36 16.2
47 39 37.59
47 41 217.61
47 43 103.38
47 45 891.13
47 49 101.37
47 3 34.16
47 5 13.43
47 7 5.4
47 9 34.9
47 11 55.37
47 13 88.67
47 17 4.9
47 21 1.41
47 25 4.47
47 31 7.1
47 35 1.41
47 38 16.02
47 40 42.09
47 42 60.28
47 44 238.92
47 46 60.66
47 48 10.59
49 2 75.92
49 4 273.65
49 6 693.27
49 8 360.55
49 10 904
49 12 325.47
49 14 1713.08
49 15 49.84
49 16 112.91
49 18 372.58
49 20 484.56
49 22 542.57
49 24 182.07
49 26 231.39
49 28 1056.49
49 30 24.39
49 32 13.87
49 34 123.96
49 36 54.53
49 37 12.88
49 39 456.96
49 41 511.89
49 43 770.79
49 45 919.38
49 47 29.77
49 1 14.77
49 3 245.95
49 5 1258.02
49 7 155.35
49 9 547.44
49 11 16.9
49 13 1690.81
49 17 93.47
49 19 44.18
49 21 79.3
49 23 28.62
49 25 39.78
49 27 454.86
49 29 13.98
49 31 10.9
49 33 25.45
49 35 5.39
49 38 135.27
49 40 269.76
49 42 60.42
49 44 270.8
49 46 60.69
49 48 1242.01
1 2 295.41
1 4 10.04
1 6 23.55
1 10 5.45
1 12 7.56
1 14 25.2
1 15 8.71
1 16 8.5
1 18 50.35
1 20 71.36
1 26 43.82
1 30 2
1 34 3.86
1 36 15.9
1 37 6.16
1 39 26.48
1 41 41.54
1 43 41.69
1 45 10.24
1 49 48.73
1 3 16.57
1 5 24.07
1 7 3.41
1 9 88.98
1 11 173.59
1 13 170.41
1 17 150.47
1 19 2574.13
1 21 18.25
1 25 917.51
1 27 4.24
1 33 37.61
1 35 88.24
1 38 281.61
1 40 88.66
1 42 382.15
1 44 205.83
1 46 18.85
1 48 73.66
3 2 24.47
3 4 400.61
3 6 38.98
3 8 81.06
3 10 677.47
3 12 2.83
3 14 97.07
3 15 3.41
3 16 13.14
3 18 43.24
3 20 12.2
3 22 3.74
3 26 14.56
3 28 63.18
3 32 2.24
3 36 5.24
3 37 2.41
3 39 33.85
3 41 149.24
3 43 43.7
3 45 160.29
3 47 72.2
3 49 119.12
3 1 8.43
3 5 50.06
3 7 261.28
3 9 1097.58
3 11 49.14
3 13 230.04
3 17 23.11
3 19 106.22
3 21 32.67
3 23 19.72
3 25 36.32
3 27 194.42
3 29 1
3 31 13.86
3 33 3.15
3 35 8.98
3 38 36.84
3 40 202.6
3 42 149.01
3 44 309.66
3 46 93.17
3 48 244.14
5 2 8.66
5 4 78.15
5 6 897.17
5 8 94.02
5 10 347.92
5 12 25.03
5 14 1222.58
5 15 47.77
5 16 152.25
5 18 546.11
5 20 16.15
5 22 176.32
5 24 21.49
5 26 24.95
5 28 129.08
5 30 27.05
5 32 3.45
5 34 37
5 36 7.07
5 37 56.15
5 39 99.17
5 41 100.51
5 43 78.82
5 45 134.5
5 47 7.61
5 49 625.95
5 1 24.73
5 3 103.33
5 7 67.75
5 9 368.82
5 11 61.11
5 13 804.58
5 17 340.9
5 19 83.11
5 21 163.19
5 23 27.85
5 25 64.21
5 27 410.67
5 29 3.15
5 31 20.42
5 33 48.18
5 35 26.06
5 38 222.76
5 40 114.11
5 42 223.05
5 44 400.3
5 46 60
5 48 536.57
7 2 13.32
7 4 113.3
7 6 27.17
7 8 158.81
7 10 265.69
7 14 75.2
7 15 2.41
7 16 15.32
7 18 13.25
7 22 6.24
7 24 2.24
7 26 3.73
7 28 2.83
7 30 2
7 36 3.16
7 37 3.16
7 39 12.79
7 41 140.69
7 43 20.2
7 45 32.94
7 47 9.99
7 49 113.1
7 1 4.56
7 3 114.39
7 5 65.55
7 9 434.84
7 11 53.38
7 13 438.58
7 17 147.21
7 19 130
7 21 91.4
7 23 128.11
7 25 61.58
7 27 260.28
7 29 7.45
7 31 2
7 33 10.89
7 35 11.17
7 38 53.41
7 40 157.55
7 42 202.37
7 44 344.06
7 46 19.39
7 48 258.35
9 2 33.88
9 4 199.65
9 6 616.89
9 8 190.63
9 10 1480.68
9 12 3.41
9 14 839.5
9 15 31.46
9 16 172.97
9 18 155.16
9 22 47.07
9 24 8.83
9 26 16.03
9 28 3
9 30 26.16
9 32 5.98
9 34 2.83
9 36 5.28
9 37 11.38
9 39 54.17
9 41 153
9 43 83.32
9 45 300.12
9 47 63.88
9 49 679.84
9 1 33.62
9 3 304.46
9 5 445.02
9 7 409.08
9 11 157.92
9 13 1521.36
9 17 538.7
9 19 366.25
9 21 357.17
9 23 529.69
9 25 201.59
9 27 996.77
9 29 43.83
9 31 30.31
9 33 90.11
9 35 46.07
9 38 301.92
9 40 281.83
9 42 535.31
9 44 1219.69
9 46 102.33
9 48 977.53
11 2 51.22
11 6 50.83
11 8 9.34
11 10 12.63
11 12 281.94
11 14 109.64
11 15 37.23
11 16 363.21
11 18 44.88
11 20 37.98
11 22 2
11 26 72.57
11 28 34.85
11 30 2.41
11 32 2
11 34 75.44
11 36 3.32
11 37 7.31
11 39 365.41
11 41 53.82
11 43 81.21
11 45 76.19
11 47 6.24
11 49 31.24
11 1 51.03
11 3 9.16
11 5 84.62
11 7 10.97
11 9 26.03
11 13 186
11 17 65.2
11 19 273.52
11 21 17.01
11 25 182.83
11 29 6
11 31 1.41
11 33 57.59
11 35 22.14
11 38 1177.98
11 40 69.14
11 42 310.64
11 44 175.95
11 46 31.83
11 48 100.37
13 2 39.1
13 4 101.5
13 6 1341.13
13 8 163.82
13 10 468.74
13 12 162.44
13 14 2322.93
13 15 134.62
13 16 633.8
13 18 285.58
13 20 30.76
13 22 104.19
13 24 4.41
13 26 56.14
13 28 33.06
13 30 40.04
13 32 5.73
13 34 50.3
13 36 9.41
13 37 28.1
13 39 263.44
13 41 282.91
13 43 254.33
13 45 374.36
13 47 13.64
13 49 1344.27
13 1 136.53
13 3 230.31
13 5 897.47
13 7 312.71
13 9 902.24
13 11 404.87
13 17 656.74
13 19 435.66
13 21 430.95
13 23 139.16
13 25 445.63
13 27 695.91
13 29 75.41
13 31 58.74
13 33 206.55
13 35 70.58
13 38 817.67
13 40 588.29
13 42 940.31
13 44 1298.58
13 46 145.2
13 48 1589.02
17 2 49.93
17 4 10.81
17 6 112.47
17 8 19.92
17 10 59.05
17 12 11.27
17 14 221.95
17 15 80.34
17 16 527.83
17 18 205.58
17 20 27.1
17 26 121.72
17 30 34.43
17 34 21.11
17 36 2.45
17 37 1.41
17 39 188.39
17 41 70.21
17 43 19.3
17 45 11.97
17 47 2
17 49 282.68
17 1 172.34
17 3 14.59
17 5 124.33
17 7 66.63
17 9 266.71
17 11 71.88
17 13 388.97
17 19 360.08
17 21 77
17 25 306.58
17 27 23.62
17 29 52.92
17 33 44.11
17 35 18.24
17 38 465.98
17 40 184.31
17 42 129.37
17 44 133.23
17 46 3.24
17 48 394.55
19 2 29.41
19 6 12.93
19 8 4.24
19 10 6.93
19 12 95.72
19 14 29.55
19 16 48.47
19 18 14.04
19 20 34.17
19 22 4.47
19 26 9.11
19 28 12.49
19 34 5.16
19 36 2
19 39 71.94
19 41 22.63
19 43 39.31
19 45 21.94
19 49 3.87
19 1 279.43
19 3 38.93
19 5 51.92
19 7 43.5
19 9 91.16
19 11 1475.45
19 13 245.35
19 17 141.79
19 25 114.85
19 27 16.34
19 31 1
19 33 14.84
19 35 122.27
19 38 659.38
19 40 136.09
19 42 272.95
19 44 390.17
19 46 62.62
19 48 202.25
21 6 21.23
21 8 19.23
21 10 47.47
21 12 1
21 14 72.27
21 16 2
21 20 2.24
21 22 176.68
21 24 21.55
21 28 34.26
21 32 98.17
21 39 5
21 43 2.83
21 45 155.91
21 47 21.01
21 49 103.21
21 3 1.41
21 5 119.12
21 7 9.86
21 9 246.21
21 11 297.41
21 13 668.13
21 17 5.1
21 19 20.01
21 23 493.4
21 25 9.35
21 27 618.51
21 31 241.84
21 33 634.79
21 35 10.35
21 38 3.41
21 40 2.45
21 42 238.99
21 44 2088.56
21 46 8.94
21 48 429.41
23 10 49.45
23 14 21.95
23 22 20.64
23 24 28.27
23 28 13.17
23 32 1.73
23 45 9.08
23 49 1
23 9 502.77
23 13 27.85
23 21 1314.4
23 27 653.77
23 35 10
23 42 9.38
23 44 121.63
23 46 15.81
23 48 44.11
25 2 38.29
25 4 5.48
25 6 61.51
25 12 50.59
25 14 66.15
25 15 299.5
25 16 215.71
25 18 143.68
25 20 18.22
25 22 3.15
25 26 528.4
25 28 12.48
25 34 25.23
25 36 1.41
25 37 18
25 39 346.17
25 41 41.43
25 43 20.94
25 45 14.56
25 47 1.41
25 49 56.45
25 1 126.61
25 3 21.91
25 5 60.99
25 7 11.83
25 9 42.56
25 11 190.27
25 13 143.38
25 17 350.42
25 19 155.61
25 21 13.68
25 27 6
25 29 2.73
25 31 3
25 33 25.05
25 35 40.32
25 38 668.6
25 40 94.47
25 42 104.21
25 44 38.05
25 48 117.66
27 8 12.41
27 10 42.71
27 14 19.27
27 22 176.17
27 24 83.39
27 28 742.03
27 32 5.97
27 45 9.69
27 47 2
27 49 52.58
27 5 31.33
27 9 61.87
27 11 92.64
27 13 148.2
27 19 45.58
27 21 1919.28
27 23 437.4
27 25 30.3
27 31 56.77
27 33 49.05
27 38 20.77
27 42 224.5
27 44 241.65
27 48 364.61
29 4 8.02
29 6 7.47
29 8 2.83
29 10 3.41
29 14 26.23
29 15 8.28
29 16 63.9
29 18 38.77
29 26 2.83
29 30 4.41
29 34 1.41
29 39 7.39
29 41 13.31
29 43 3.73
29 45 4
29 47 1.41
29 49 6.83
29 3 5.77
29 5 6
29 7 4.41
29 9 14.76
29 13 20.81
29 17 39.83
29 25 7.15
29 27 8.06
29 38 14.28
29 40 11.71
29 44 3
29 46 1.41
29 48 9.02
31 4 2
31 6 10.54
31 10 8.24
31 12 1.41
31 14 5.6
31 15 5.28
31 16 6.47
31 20 3.16
31 22 13.68
31 24 3
31 28 12.17
31 32 20.86
31 39 12.54
31 41 3.74
31 43 4
31 45 60.6
31 47 13.54
31 49 9.85
31 3 18.28
31 5 37.29
31 9 36.95
31 11 18.49
31 13 86.98
31 19 5.46
31 21 967.7
31 23 7.85
31 25 1
31 27 186.06
31 33 6.48
31 35 1
31 38 7.83
31 40 10
31 42 55.15
31 44 448.04
31 46 87.05
31 48 58.85
33 6 50.84
33 10 5
33 12 19.72
33 14 57.68
33 15 8.86
33 16 68.04
33 18 61.5
33 22 1.73
33 26 26.92
33 30 2
33 34 130.21
33 37 7.05
33 39 117.6
33 43 19.56
33 45 8.28
33 49 41.57
33 3 2
33 5 98.23
33 7 16.43
33 9 42.81
33 11 29.25
33 13 128.01
33 17 22.78
33 19 6.32
33 21 36.32
33 25 31.15
33 27 1
33 29 3.15
33 38 145.61
33 40 2
33 42 14.65
33 44 26.22
33 48 139.04
35 2 50.97
35 4 9.37
35 6 8.45
35 8 2.24
35 10 53.99
35 12 5.46
35 14 19.79
35 15 3.46
35 16 10
35 18 8.11
35 20 34.93
35 26 3.41
35 36 13.67
35 37 4.45
35 39 18.07
35 41 34.95
35 43 25.67
35 45 15.72
35 47 2.83
35 49 27.66
35 1 126.12
35 3 14.15
35 5 81.77
35 7 8.7
35 9 119.45
35 11 139.84
35 13 306.56
35 17 53.11
35 19 318.88
35 21 72.34
35 25 89.27
35 27 10.79
35 33 16.02
35 38 110.99
35 40 54.29
35 42 338.12
35 44 340.12
35 46 13.01
35 48 112.27
38 2 83.77
38 4 9.56
38 6 249.94
38 8 17.95
38 10 42.79
38 12 156.01
38 14 420.04
38 15 204.4
38 16 1830.01
38 18 270.26
38 20 40.79
38 22 76.46
38 24 1
38 26 753.38
38 28 28.41
38 30 16.76
38 34 176.09
38 36 3
38 37 23.13
38 39 1564.06
38 41 285.72
38 43 124.85
38 45 113.82
38 49 301.52
38 1 160.21
38 3 27.8
38 5 297.76
38 7 33.61
38 9 125.26
38 11 776.6
38 13 450.53
38 17 523.65
38 19 205.13
38 21 3.41
38 25 620.48
38 27 27.31
38 29 33.28
38 33 207.12
38 35 37
38 40 249.39
38 42 348.86
38 44 158.52
38 48 335.34
40 2 65.7
40 4 205.69
40 6 43.26
40 8 109.97
40 10 161.65
40 12 56.28
40 14 110.9
40 15 16.56
40 16 38.47
40 18 17.99
40 20 96.16
40 26 27.11
40 28 106.56
40 36 20.82
40 37 6.06
40 39 423.51
40 41 734.12
40 43 45.23
40 45 106.2
40 47 43.26
40 49 155.73
40 1 103.36
40 3 305.48
40 5 139.62
40 7 196.1
40 9 437.57
40 11 422.15
40 13 560.55
40 17 128.07
40 19 508.86
40 21 71.15
40 23 28.83
40 25 143.76
40 27 318.78
40 29 8.87
40 31 15.56
40 33 13.06
40 35 41.56
40 38 625.54
40 42 406.92
40 44 636.93
40 46 144.11
40 48 284.83
42 2 11.9
42 4 5.99
42 6 103.25
42 8 28.82
42 10 60.51
42 12 165.38
42 14 470.64
42 15 24.68
42 16 215.68
42 18 36.9
42 20 18.92
42 22 26.8
42 26 32.12
42 28 44.24
42 30 3.97
42 34 28.01
42 37 2
42 39 231.74
42 41 53.98
42 43 181.33
42 45 113.66
42 47 1.41
42 49 127.58
42 1 126.02
42 3 48.6
42 5 219.5
42 7 63.91
42 9 174.6
42 11 575.78
42 13 610.45
42 17 149.42
42 19 259.53
42 21 119.83
42 23 24.6
42 25 143.03
42 27 215.58
42 29 6.6
42 31 25.25
42 33 89.75
42 35 80.33
42 38 742.01
42 40 167.07
42 44 496.1
42 46 53.94
42 48 392.29
44 2 13.48
44 4 47.34
44 6 455.53
44 8 70.14
44 10 293.08
44 12 197.67
44 14 991.78
44 15 54.78
44 16 182.76
44 18 60.43
44 20 21.62
44 22 87.65
44 24 4.24
44 26 24.03
44 28 4.45
44 30 10.55
44 32 38.61
44 34 11.61
44 37 3.83
44 39 178.22
44 41 129.49
44 43 164.99
44 45 882.63
44 47 134.96
44 49 494.05
44 1 41.66
44 3 255.5
44 5 478.78
44 7 142.52
44 9 634.02
44 11 500.15
44 13 1576.57
44 17 211.93
44 19 312.07
44 21 1277.3
44 23 165.89
44 25 124.25
44 27 406.94
44 29 22.15
44 31 338.29
44 33 219.77
44 35 77.59
44 38 625.58
44 40 372.27
44 42 751.25
44 46 813.13
44 48 895.53
46 2 1.41
46 4 23.77
46 6 29.15
46 8 3
46 10 25.39
46 12 27.5
46 14 60.88
46 15 11.19
46 16 35.25
46 18 10.23
46 20 12.96
46 26 18.25
46 30 1.41
46 32 1
46 39 34.69
46 41 15.45
46 43 35
46 45 189.56
46 47 65.75
46 49 13.78
46 1 3.16
46 3 108.89
46 5 79.84
46 7 23.37
46 9 155.97
46 11 120.66
46 13 325.6
46 17 10.06
46 19 50.85
46 21 12.79
46 25 26.83
46 29 2.83
46 31 71.21
46 33 6.1
46 35 5.74
46 38 67.12
46 40 79.11
46 42 189.81
46 44 1011.33
46 48 90.72
48 2 32.95
48 4 213.67
48 6 1169.32
48 8 214.85
48 10 632.02
48 12 14.97
48 14 1364.95
48 15 37.89
48 16 88.01
48 18 65.15
48 20 58.85
48 22 149.99
48 24 30.28
48 26 16.21
48 28 230.92
48 30 18.65
48 32 9.19
48 34 27.23
48 36 10.57
48 37 21.18
48 39 133.09
48 41 285.23
48 43 69.79
48 45 207.54
48 47 27.96
48 49 1185.99
48 1 51.86
48 3 325.49
48 5 638.08
48 7 372.45
48 9 1094.24
48 11 281.76
48 13 1792.7
48 17 411.49
48 19 555
48 21 458.23
48 23 196.44
48 25 274.08
48 27 1279
48 29 29.27
48 31 28.11
48 33 88.24
48 35 60.9
48 38 357.49
48 40 447.06
48 42 812.9
48 44 1196.06
48 46 102.72
